1651339414994,23040
1651339415018,30400
1651339415042,34240
1651339415090,30720
1651339415114,30720
1651339414898,46656
1651339414910,69984
1651339414934,83592
1651339414946,93312
1651339414958,116640
1651339414970,136080
1651339414982,139968
1651339415006,139968
1651339415030,163296
1651339415054,186624
1651339415066,186624
1651339415078,186624
1651339415102,186624
1651339415131,196344
1651339415155,196344
1651339415163,188568
1651339415174,186624
1651339415185,161352
1651339415197,128304
1651339415209,104976
1651339415221,112752
1651339415233,114696
1651339415245,114696
1651339415257,116640
1651339415269,116640
1651339415281,116640
1651339415293,116640
1651339415305,116640
1651339415317,116640
1651339415329,116640
1651339415341,116640
1651339415353,116640
1651339415365,116640
1651339415377,116640
1651339415389,116640
1651339415401,116640
1651339415413,116640
1651339415425,116640
1651339415437,116640
1651339415448,114696
1651339415460,114696
1651339415472,114696
1651339415484,114696
1651339415496,114696
1651339415508,116640
1651339415520,116640
1651339415532,116640
1651339415544,116640
1651339415556,116640
1651339415568,116640
1651339415580,116640
1651339415592,116640
1651339415604,116640
1651339415616,116640
1651339415628,116640
1651339415640,116640
1651339415653,118584
1651339415664,116640
1651339415676,116640
1651339415687,114696
1651339415699,114696
1651339415711,112752
1651339415723,114696
1651339415735,114696
1651339415747,116640
1651339415759,116640
1651339415771,116640
1651339415783,116640
1651339415795,116640
1651339415807,116640
1651339415819,116640
1651339415831,116640
1651339415843,116640
1651339415855,116640
1651339415867,116640
1651339415879,116640
1651339415891,116640
1651339415903,116640
1651339415915,116640
1651339415926,114696
1651339415938,114696
1651339415950,114696
1651339415962,114696
1651339415974,114696
1651339415986,114696
1651339415998,116640
1651339416010,116640
1651339416022,116640
1651339416034,116640
1651339416046,116640
1651339416058,116640
1651339416070,116640
1651339416082,116640
1651339416094,116640
1651339416106,116640
1651339416118,116640
1651339416130,116640
1651339416142,116640
1651339416154,116640
1651339416166,116640
1651339416177,114696
1651339416189,114696
1651339416201,114696
1651339416213,114696
1651339416225,114696
1651339416237,116640
1651339416249,116640
1651339416261,116640
1651339416273,116640
1651339416285,116640
1651339416297,116640
1651339416309,116640
1651339416321,116640
1651339416333,116640
1651339416345,116640
1651339416357,116640
1651339416369,116640
1651339416381,116640
1651339416393,116640
1651339416405,116640
1651339416417,116640
1651339416428,114696
1651339416440,114696
1651339416452,114696
1651339416464,114696
1651339416476,114696
1651339416488,114696
1651339416500,116640
1651339416512,116640
1651339416524,116640
1651339416536,116640
1651339416548,116640
1651339416560,116640
1651339416572,116640
1651339416584,116640
1651339416596,116640
1651339416608,116640
1651339416620,116640
1651339416632,116640
1651339416644,116640
1651339416656,116640
1651339416668,116640
1651339416679,114696
1651339416691,114696
1651339416703,114696
1651339416715,114696
1651339416727,114696
1651339416739,116640
1651339416751,116640
1651339416763,116640
1651339416775,116640
1651339416787,116640
1651339416799,116640
1651339416811,116640
1651339416823,116640
1651339416835,116640
1651339416847,116640
1651339416859,116640
1651339416871,116640
1651339416883,116640
1651339416895,116640
1651339416907,116640
1651339416919,116640
1651339416930,114696
1651339416942,114696
1651339416954,114696
1651339416966,114696
1651339416978,114696
1651339416990,116640
1651339417002,116640
1651339417014,116640
1651339417026,116640
1651339417038,116640
1651339417050,116640
1651339417062,116640
1651339417074,116640
1651339417086,116640
1651339417098,116640
1651339417110,116640
1651339417122,116640
1651339417134,116640
1651339417146,116640
1651339417158,116640
1651339417169,114696
1651339417181,114696
1651339417193,114696
1651339417205,114696
1651339417217,114696
1651339417229,114696
1651339417241,116640
1651339417253,116640
1651339417265,116640
1651339417277,116640
1651339417289,116640
1651339417301,116640
1651339417313,116640
1651339417325,116640
1651339417337,116640
1651339417349,116640
1651339417361,116640
1651339417373,116640
1651339417385,116640
1651339417397,116640
1651339417409,116640
1651339417420,114696
1651339417432,114696
1651339417444,114696
1651339417456,114696
1651339417468,114696
1651339417480,114696
1651339417492,116640
1651339417504,116640
1651339417516,116640
1651339417528,116640
1651339417540,116640
1651339417552,116640
1651339417564,116640
1651339417576,116640
1651339417588,116640
1651339417600,116640
1651339417612,116640
1651339417624,116640
1651339417636,116640
1651339417648,116640
1651339417660,116640
1651339417671,114696
1651339417683,114696
1651339417695,114696
1651339417707,114696
1651339417719,114696
1651339417731,114696
1651339417743,116640
1651339417755,116640
1651339417767,116640
1651339417779,116640
1651339417791,116640
1651339417803,116640
1651339417815,116640
1651339417827,116640
1651339417839,116640
1651339417851,116640
1651339417863,116640
1651339417875,116640
1651339417887,116640
1651339417899,116640
1651339417911,116640
1651339417922,114696
1651339417934,114696
1651339417946,114696
1651339417958,114696
1651339417970,114696
1651339417982,116640
1651339417994,116640
1651339418006,116640
1651339418018,116640
1651339418030,116640
1651339418042,116640
1651339418054,116640
1651339418066,116640
1651339418078,116640
1651339418090,116640
1651339418102,116640
1651339418114,116640
1651339418126,116640
1651339418138,116640
1651339418150,116640
1651339418162,116640
1651339418173,114696
1651339418185,114696
1651339418197,114696
1651339418209,114696
1651339418221,114696
1651339418233,116640
1651339418245,116640
1651339418257,116640
1651339418269,116640
1651339418281,116640
1651339418293,116640
1651339418305,116640
1651339418317,116640
1651339418329,116640
1651339418341,116640
1651339418353,116640
1651339418365,116640
1651339418377,116640
1651339418389,116640
1651339418401,116640
1651339418413,116640
1651339418424,114696
1651339418436,114696
1651339418448,114696
1651339418460,114696
1651339418472,114696
1651339418484,116640
1651339418496,116640
1651339418508,116640
1651339418520,116640
1651339418532,116640
1651339418544,116640
1651339418556,116640
1651339418568,116640
1651339418580,116640
1651339418592,116640
1651339418604,116640
1651339418616,116640
1651339418628,116640
1651339418640,116640
1651339418652,116640
1651339418664,116640
1651339418675,114696
1651339418687,114696
1651339418699,114696
1651339418711,114696
1651339418723,114696
1651339418735,114696
1651339418747,116640
1651339418759,116640
1651339418771,116640
1651339418783,116640
1651339418795,116640
1651339418807,116640
1651339418819,116640
1651339418831,116640
1651339418843,116640
1651339418855,116640
1651339418867,116640
1651339418879,116640
1651339418891,116640
1651339418903,116640
1651339418915,116640
1651339418926,114696
1651339418938,114696
1651339418950,114696
1651339418962,114696
1651339418974,114696
1651339418986,116640
1651339418998,116640
1651339419010,116640
1651339419022,116640
1651339419034,116640
1651339419046,116640
1651339419058,116640
1651339419070,116640
1651339419082,116640
1651339419094,116640
1651339419106,116640
1651339419118,116640
1651339419130,116640
1651339419142,116640
1651339419154,116640
1651339419165,114696
1651339419177,114696
1651339419189,114696
1651339419201,114696
1651339419213,114696
1651339419225,114696
1651339419237,116640
1651339419249,116640
1651339419261,116640
1651339419273,116640
1651339419285,116640
1651339419297,116640
1651339419309,116640
1651339419321,116640
1651339419333,116640
1651339419345,116640
1651339419357,116640
1651339419369,116640
1651339419381,116640
1651339419393,116640
1651339419405,116640
1651339419416,114696
1651339419428,114696
1651339419440,114696
1651339419452,114696
1651339419464,114696
1651339419476,114696
1651339419488,116640
1651339419500,116640
1651339419512,116640
1651339419524,116640
1651339419536,116640
1651339419548,116640
1651339419560,116640
1651339419572,116640
1651339419584,116640
1651339419596,116640
1651339419608,116640
1651339419620,116640
1651339419632,116640
1651339419644,116640
1651339419656,116640
1651339419667,114696
1651339419679,114696
1651339419691,114696
1651339419703,114696
1651339419715,114696
1651339419727,116640
1651339419739,116640
1651339419751,116640
1651339419763,116640
1651339419775,116640
1651339419787,116640
1651339419799,116640
1651339419811,116640
1651339419823,116640
1651339419835,116640
1651339419848,118584
1651339419859,116640
1651339419871,116640
1651339419883,116640
1651339419895,116640
1651339419907,114696
1651339419919,116640
1651339419931,116640
1651339419943,116640
1651339419955,116640
1651339419967,116640
1651339419979,116640
1651339419991,116640
1651339420002,114696
1651339420014,114696
1651339420026,114696
1651339420038,114696
1651339420050,114696
1651339420062,116640
1651339420074,116640
1651339420086,116640
1651339420098,116640
1651339420110,116640
1651339420122,116640
1651339420134,116640
1651339420146,116640
1651339420158,116640
1651339420170,116640
1651339420182,116640
1651339420194,116640
1651339420206,116640
1651339420218,116640
1651339420230,116640
1651339420242,116640
1651339420253,114696
1651339420265,114696
1651339420277,114696
1651339420289,114696
1651339420301,114696
1651339420313,116640
1651339420325,116640
1651339420337,116640
1651339420349,116640
1651339420361,116640
1651339420374,118584
1651339420385,116640
1651339420397,116640
1651339420409,116640
1651339420421,116640
1651339420433,114696
1651339420445,116640
1651339420457,116640
1651339420469,116640
1651339420481,116640
1651339420492,114696
1651339420504,114696
1651339420516,114696
1651339420528,114696
1651339420540,114696
1651339420552,114696
1651339420564,116640
1651339420576,116640
1651339420588,116640
1651339420600,116640
1651339420612,116640
1651339420624,116640
1651339420636,116640
1651339420648,116640
1651339420660,116640
1651339420672,116640
1651339420684,116640
1651339420696,116640
1651339420708,116640
1651339420720,116640
1651339420732,116640
1651339420743,114696
1651339420755,114696
1651339420767,114696
1651339420779,114696
1651339420791,114696
1651339420803,114696
1651339420815,116640
1651339420827,116640
1651339420839,116640
1651339420851,116640
1651339420863,116640
1651339420875,116640
1651339420887,116640
1651339420899,116640
1651339420911,116640
1651339420923,116640
1651339420935,116640
1651339420947,116640
1651339420959,116640
1651339420971,116640
1651339420983,116640
1651339420994,114696
1651339421006,114696
1651339421018,114696
1651339421030,114696
1651339421042,114696
1651339421054,114696
1651339421066,116640
1651339421078,116640
1651339421090,116640
1651339421102,116640
1651339421114,116640
1651339421126,116640
1651339421138,116640
1651339421150,116640
1651339421162,116640
1651339421174,116640
1651339421186,116640
1651339421198,116640
1651339421210,116640
1651339421222,116640
1651339421234,116640
1651339421245,114696
1651339421257,114696
1651339421269,114696
1651339421281,114696
1651339421293,114696
1651339421305,116640
1651339421317,116640
1651339421329,116640
1651339421341,116640
1651339421353,116640
1651339421365,116640
1651339421377,116640
1651339421389,116640
1651339421401,116640
1651339421413,116640
1651339421425,116640
1651339421437,116640
1651339421449,116640
1651339421461,116640
1651339421473,116640
1651339421485,116640
1651339421496,114696
1651339421508,114696
1651339421520,114696
1651339421532,114696
1651339421544,114696
1651339421556,116640
