2987466949165123354295111201812
4211276624640084315612918421177060204230299421803486633824592006573340606615889580523464227765304350439006450951838160825473751
1889210243603037535646067281045805960008570285172891727145769267831573879630019508324069996866828486890146852983707941528252170
6433944896458400005722683036542919674416232401927258992043251760109983309622060221449241884161395267285324969554809613236559401
5926828496890530602862162152396620975722541268836002211191264684743325984168877494942640619948750726132999624105124012640906283
8437529190279374121273890161340277025282882572337700420322280964590810755716568643364840307879983400203857287989101011632690781
5802276041061620122710926329386353739806320420710281218622737558209391349689462899753335081329268758815057487656715890733084223
8915069186666442083922633115688459542249351209368361689010535548757066038294153139851377020698884275592572198938097053313533421
3618393873597153740469607428584632822338908997205070091595456519416863149036488990139674096344263132753025929808588767591996177
8414765535715090848046152050822658084473018911692025473276058620384118863100457752482347145023516317250246454398495927754913591
4409298010504839698734131748484717641239465901635152376312170896985346043211365815426588368753012122770591860188057761705660735
5937603186684235090583457539320837412342393238618817530913846014346149555309319385019839106489932216877734882102311404478731716
