1651362283495,12000
1651362283504,16320
1651362283515,15360
1651362283526,14880
1651362283526,10560
1651362283544,13920
1651362283568,11520
1651362283590,18240
1651362283626,31680
1651362283638,36960
1651362283662,38016
1651362283698,38016
1651362283727,53328
1651362283727,46992
1651362283743,42768
1651362283747,25872
1651362283767,21120
1651362283795,35904
1651362283795,27456
1651362283802,29040
1651362283809,22176
1651362283820,13200
1651362283831,19008
1651362283842,21120
1651362283853,23232
1651362283865,23760
1651362283877,24288
1651362283889,24816
1651362283901,25344
1651362283913,25344
1651362283925,25344
1651362283937,25344
1651362283949,25344
1651362283961,25344
1651362283973,25344
1651362283985,25344
1651362283997,25344
1651362284009,25344
1651362284021,25344
1651362284033,25344
1651362284045,25344
1651362284057,25344
1651362284069,25344
1651362284081,25344
1651362284093,25344
1651362284105,25344
1651362284116,24816
1651362284128,24816
1651362284140,24816
1651362284152,24816
1651362284164,25344
1651362284183,29040
1651362284188,25344
1651362284200,25344
1651362284215,26928
1651362284224,21648
1651362284236,25344
1651362284248,25344
1651362284260,23760
1651362284274,26400
1651362284284,25344
1651362284296,25344
1651362284308,25344
1651362284320,24288
1651362284332,25344
1651362284344,25344
1651362284356,25344
1651362284368,25344
1651362284380,25344
1651362284392,25344
1651362284404,25344
1651362284416,25344
1651362284428,25344
1651362284440,24816
1651362284451,24816
1651362284463,24816
1651362284475,24816
1651362284487,24816
1651362284499,25344
1651362284511,25344
1651362284523,25344
1651362284535,25344
1651362284547,25344
1651362284559,25344
1651362284571,25344
1651362284583,25344
1651362284595,25344
1651362284607,25344
1651362284619,25344
1651362284631,25344
1651362284643,25344
1651362284655,25344
1651362284667,25344
1651362284678,24816
1651362284690,24816
1651362284702,24816
1651362284714,24816
1651362284726,25344
1651362284738,25344
1651362284750,25344
1651362284762,25344
1651362284778,27456
1651362284786,25344
1651362284798,25344
1651362284810,25344
1651362284822,23232
1651362284834,25344
1651362284846,25344
1651362284858,25344
1651362284870,25344
1651362284882,25344
1651362284893,24816
1651362284906,25344
1651362284918,25344
1651362284930,25344
1651362284942,25872
1651362284954,25344
1651362284966,25344
1651362284978,25344
1651362284990,25344
1651362285001,24816
1651362285014,25344
1651362285026,24816
1651362285037,24816
1651362285049,25344
1651362285061,24816
1651362285073,24816
1651362285085,25344
1651362285097,24816
1651362285109,25344
1651362285121,25344
1651362285133,25344
1651362285145,25344
1651362285157,25344
1651362285169,25344
1651362285181,25344
1651362285193,25344
1651362285205,25344
1651362285217,25344
1651362285229,25344
1651362285241,25344
1651362285253,24816
1651362285265,25344
1651362285278,25872
1651362285288,24816
1651362285300,24816
1651362285312,24816
1651362285324,24288
1651362285336,25344
1651362285348,25344
1651362285360,25344
1651362285372,25344
1651362285384,25344
1651362285396,25344
1651362285407,24816
1651362285419,24816
1651362285432,25344
1651362285444,25344
1651362285456,25872
1651362285468,25872
1651362285480,25344
1651362285492,25344
1651362285504,25344
1651362285516,25344
1651362285528,25344
1651362285540,25344
1651362285552,24816
1651362285563,24816
1651362285575,24816
1651362285587,24816
1651362285599,24816
1651362285611,25344
1651362285623,25344
1651362285635,25344
1651362285647,25344
1651362285659,25344
1651362285684,32208
1651362285685,25872
1651362285695,25344
1651362285707,25344
1651362285719,18480
1651362285731,24288
1651362285743,25344
1651362285755,25344
1651362285767,25344
1651362285779,25344
1651362285791,25344
1651362285802,24816
1651362285814,24816
1651362285826,24816
1651362285838,24816
1651362285850,25344
1651362285862,25344
1651362285873,24816
1651362285885,24816
1651362285897,24816
1651362285909,24816
1651362285921,25344
1651362285933,25344
1651362285945,25344
1651362285957,25344
1651362285969,25344
1651362285981,25344
1651362285993,25344
1651362286005,25344
1651362286017,25344
1651362286029,25344
1651362286041,25344
1651362286053,25344
1651362286065,25344
1651362286077,25344
1651362286089,25344
1651362286101,25344
1651362286113,25344
1651362286125,25344
1651362286136,24816
1651362286148,24816
1651362286160,24816
1651362286172,24816
1651362286184,25344
1651362286196,25344
1651362286208,25344
1651362286220,25344
1651362286232,25344
1651362286244,25344
1651362286256,25344
1651362286268,25344
1651362286281,25872
1651362286293,25872
1651362286304,25344
1651362286316,25344
1651362286328,24816
1651362286340,24816
1651362286352,25344
1651362286364,25344
1651362286376,25344
1651362286388,25344
1651362286400,25344
1651362286412,25344
1651362286424,25344
1651362286436,25344
1651362286448,25344
1651362286460,25344
1651362286472,25344
1651362286484,25344
1651362286496,25344
1651362286508,25344
1651362286520,25344
1651362286532,25344
1651362286544,25344
1651362286556,25344
1651362286567,24816
1651362286580,24816
1651362286591,24816
1651362286603,24816
1651362286614,24288
1651362286626,24288
1651362286639,25344
1651362286651,25344
1651362286663,25872
1651362286675,25872
1651362286687,25344
1651362286699,25344
1651362286711,25344
1651362286723,25344
1651362286735,25344
1651362286747,25344
1651362286759,25344
1651362286778,29040
1651362286783,25344
1651362286794,24816
1651362286806,24816
1651362286818,21120
1651362286831,24816
1651362286842,24816
1651362286854,25344
1651362286866,25344
1651362286878,24816
1651362286891,25872
1651362286902,25344
1651362286914,25344
1651362286926,25344
1651362286938,24816
1651362286950,25344
1651362286962,25344
1651362286974,25344
1651362286986,25344
1651362286998,25344
1651362287010,25344
1651362287022,25344
1651362287033,24816
1651362287045,24816
1651362287057,24816
1651362287069,24816
1651362287081,25344
1651362287093,25344
1651362287105,25344
1651362287117,25344
1651362287129,25344
1651362287141,25344
1651362287153,25344
1651362287165,25344
1651362287183,28512
1651362287189,25344
1651362287201,25344
1651362287212,24816
1651362287224,21648
1651362287237,25344
1651362287249,25344
1651362287261,25872
1651362287274,26400
1651362287284,24816
1651362287297,25344
1651362287308,24816
1651362287320,24288
1651362287332,25344
1651362287344,24816
1651362287356,25344
1651362287368,25344
1651362287380,25344
1651362287392,25344
1651362287404,25344
1651362287416,25344
1651362287428,25344
1651362287440,25344
1651362287452,25344
1651362287464,25344
1651362287476,25344
1651362287488,25344
1651362287500,25344
1651362287512,25344
1651362287524,25344
1651362287536,25344
1651362287548,25344
1651362287560,25344
1651362287571,24816
1651362287583,24816
1651362287595,24816
1651362287607,24816
1651362287619,24816
1651362287631,25344
1651362287643,25344
1651362287655,25344
1651362287667,25344
1651362287679,25344
1651362287691,25344
1651362287703,25344
1651362287715,25344
1651362287727,25344
1651362287739,25344
1651362287751,25344
1651362287762,24816
1651362287779,27456
1651362287786,24816
1651362287798,24816
1651362287810,25344
1651362287822,22704
1651362287835,25872
1651362287846,25344
1651362287858,25344
1651362287870,25344
1651362287882,24816
1651362287894,25344
1651362287906,25344
1651362287918,25344
1651362287930,25344
1651362287942,25344
1651362287954,25344
1651362287966,25344
1651362287978,25344
1651362287990,25344
1651362288002,25344
1651362288013,24816
1651362288026,25344
1651362288038,25344
1651362288049,24816
1651362288062,25872
1651362288073,24816
1651362288085,24816
1651362288097,25344
1651362288109,24816
1651362288121,25344
1651362288133,25344
1651362288145,25344
1651362288157,25344
1651362288173,27456
1651362288181,25344
1651362288193,25344
1651362288205,25344
1651362288217,23232
1651362288229,25344
1651362288241,25344
1651362288253,25344
1651362288265,25344
1651362288278,25872
1651362288288,24816
1651362288300,24816
1651362288312,24816
1651362288324,24288
1651362288336,25344
1651362288348,25344
1651362288360,25344
1651362288372,25344
1651362288384,25344
1651362288396,25344
1651362288408,25344
1651362288420,25344
1651362288432,25344
1651362288444,25344
165136228845